1|61.89
2|0.99
3|82.9
4|79.02
5|14.86
6|30.86
7|93.61
8|64.98
9|44.17
10|63.45
11|35.11
12|71.67
13|97.23
14|84.48
15|70.49
16|83.77
17|97.67
18|8.95
19|100.43
20|54.09
21|61.03
22|95.11
23|74.84
24|38.51
25|57.15
26|57.25
27|90.45
28|18.78
29|86.84
30|50.7
31|36.22
32|15.07
33|8.53
34|32.52
35|70.16
36|5.57
37|71.81
38|51.81
39|32.0
40|75.39
41|97.26
42|61.46
43|35.74
44|89.65
45|35.91
46|4.94
47|79.01
48|45.45
49|88.16
50|1.4
51|84.71
52|45.11
53|75.1
54|33.01
55|42.61
56|16.99
57|87.46
58|18.72
59|29.61
60|37.52
61|34.79
62|95.38
63|19.84
64|82.56
65|9.37
66|89.24
67|8.07
68|72.02
69|15.14
70|16.15
71|32.86
72|85.32
73|13.67
74|45.94
75|31.45
76|92.41
77|8.69
78|25.98
79|98.47
80|2.05
81|74.02
82|50.6
83|21.75
84|30.8
85|71.81
86|20.17
87|3.02
88|36.99
89|33.26
90|20.84
91|2.19
92|90.27
93|8.53
94|18.31
95|58.36
96|56.96
97|79.27
98|66.06
99|73.06
100|10.0
101|15.12
102|47.07
103|65.13
104|29.22
105|8.99
106|98.74
107|28.23
108|28.47
109|18.09
110|18.69
111|48.09
112|9.57
113|13.97
114|27.67
115|69.81
116|57.21
117|80.97
118|38.57
119|9.89
120|23.31
121|57.01
122|51.55
123|62.7
124|44.46
125|98.41
126|7.51
127|47.79
128|1.35
129|72.38
130|29.54
131|82.1
132|29.45
133|67.18
134|54.11
135|95.85
136|10.21
137|41.18
138|34.08
139|3.95
140|22.67
141|44.41
142|54.8
143|23.03
144|33.19
145|8.15
146|4.79
147|84.43
148|47.65
149|66.74
150|88.02
151|66.82
152|52.4
153|68.71
154|69.56
155|88.26
156|22.76
157|78.77
158|84.08
159|7.79
160|75.95
161|93.47
162|71.7
163|7.11
164|98.54
165|9.34
166|96.05
167|93.57
168|65.02
169|26.92
170|65.41
171|17.82
172|37.02
173|60.11
174|73.47
175|2.82
176|12.14
177|18.57
178|14.11
179|32.79
180|50.63
181|43.09
182|56.02
183|40.68
184|13.24
185|38.34
186|57.27
187|2.0
188|72.04
189|27.33
190|72.01
191|4.11
192|93.99
193|11.38
194|83.04
195|93.38
196|96.58
197|34.59
198|52.85
199|55.77
200|31.88
201|46.06
202|68.3
203|31.77
204|47.67
205|52.27
206|48.27
207|65.75
208|28.63
209|80.5
210|21.65
211|13.13
212|18.74
213|89.16
214|79.7
215|84.9
216|79.28
217|17.25
218|98.69
219|79.48
220|33.2
221|40.59
222|61.17
223|64.95
224|93.64
225|83.41
226|18.35
227|68.99
228|85.94
229|8.34
230|81.51
231|15.24
232|10.43
233|73.03
234|45.43
235|20.83
236|100.78
237|32.92
238|53.08
239|14.3
240|69.75
241|21.89
242|84.22
243|68.2
244|66.57
245|61.68
246|7.68
247|43.97
248|72.32
249|51.53
250|34.35
251|77.08
252|1.13
253|48.24
254|74.15
255|89.39
256|3.89
257|60.74
258|56.66
259|68.18
260|76.89
261|85.76
262|94.04
263|61.5
264|34.59
265|81.21
266|94.4
267|94.57
268|79.44
269|51.52
270|25.94
271|79.51
272|94.39
273|73.73
274|21.31
275|1.6
276|41.6
277|12.4
278|75.05
279|76.81
280|28.41
281|95.46
282|35.17
283|35.42
284|93.58
285|31.6
286|30.21
287|70.79
288|6.5
289|9.81
290|71.17
291|42.77
292|93.61
293|21.24
294|13.29
295|51.2
296|31.55
297|61.39
298|73.69
299|6.51
300|76.55
301|21.33
302|32.04
303|43.42
304|1.12
305|91.54
306|78.02
307|89.23
308|84.13
309|9.46
310|61.19
311|71.17
312|60.8
313|32.93
314|62.42
315|1.74
316|13.11
317|33.96
318|12.17
319|7.22
320|5.83
321|28.78
322|97.1
323|76.6
324|37.0
325|93.8
326|41.94
327|31.56
328|94.57
329|38.12
330|65.57
331|76.48
332|50.78
333|25.8
334|38.56
335|52.45
336|91.12
337|67.68
338|92.94
339|3.69
340|100.18
341|41.82
342|58.76
343|57.04
344|27.79
345|84.76
346|37.58
347|43.34
348|19.96
349|82.06
350|33.29
351|23.83
352|92.85
353|58.85
354|91.62
355|4.87
356|53.65
357|13.43
358|27.33
359|45.71
360|39.98
361|86.16
362|45.96
363|98.1
364|98.42
365|35.03
366|71.59
367|32.84
368|34.06
369|47.83
370|59.08
371|21.66
372|18.38
373|44.65
374|37.54
375|25.07
376|98.68
377|30.23
378|3.27
379|64.98
380|87.95
381|98.44
382|99.23
383|77.27
384|6.94
385|1.76
386|2.8
387|25.6
388|1.71
389|41.59
390|30.41
391|55.15
392|80.03
393|46.84
394|43.4
395|64.11
396|17.32
397|28.12
398|83.08
399|5.01
400|35.06
401|45.37
402|96.73
403|43.35
404|63.88
405|9.75
406|12.36
407|38.97
408|19.67
409|23.36
410|96.14
411|19.26
412|77.43
413|16.88
414|77.93
415|83.11
416|7.89
417|36.13
418|34.42
419|21.03
420|12.83
421|4.53
422|86.63
423|58.15
424|86.82
425|35.52
426|13.91
427|72.82
428|71.78
429|0.62
430|22.67
431|6.02
432|98.53
433|58.77
434|10.44
435|7.86
436|17.28
437|4.97
438|8.03
439|52.9
440|78.72
441|3.43
442|3.8
443|31.05
444|99.14
445|100.76
446|61.5
447|24.21
448|37.72
449|36.9
450|13.99
451|66.99
452|58.03
453|13.77
454|74.86
455|97.13
456|52.19
457|71.97
458|97.89
459|47.52
460|59.48
461|83.88
462|92.66
463|96.92
464|94.1
465|86.02
466|61.87
467|7.62
468|87.51
469|84.56
470|24.2
471|27.9
472|68.53
473|16.3
474|35.72
475|6.89
476|79.15
477|53.55
478|34.15
479|68.19
480|88.67
481|79.71
482|51.56
483|49.35
484|22.61
485|73.43
486|79.29
487|78.08
488|64.65
489|80.76
490|88.09
491|54.86
492|74.34
493|60.53
494|24.9
495|78.2
496|26.57
497|42.04
498|32.7
499|4.79
500|67.74
501|10.66
502|98.31
503|47.28
504|56.4
505|25.86
506|89.1
507|47.41
508|24.74
509|41.13
510|38.08
511|83.77
512|64.04
513|68.34
514|14.69
515|87.42
516|55.1
517|3.72
518|61.32
519|88.99
520|62.25
521|16.69
522|2.43
523|17.27
524|78.49
525|81.84
526|36.68
527|14.18
528|93.73
529|71.07
530|89.58
531|48.66
532|11.29
533|63.61
534|78.47
535|29.04
536|49.12
537|29.43
538|12.83
539|74.69
540|87.33
541|3.24
542|36.39
543|54.21
544|50.13
545|45.08
546|86.3
547|37.3
548|49.11
549|51.28
550|20.48
551|10.22
552|9.52
553|78.2
554|37.96
555|28.38
556|59.1
557|78.13
558|5.65
559|41.41
560|57.35
561|66.05
562|49.98
563|85.05
564|89.57
565|60.45
566|81.36
567|48.26
568|57.93
569|78.16
570|71.37
571|34.74
572|35.36
573|68.89
574|83.01
575|97.7
576|78.13
577|6.17
578|36.65
579|17.39
580|99.27
581|9.6
582|59.36
583|35.93
584|55.38
585|22.76
586|43.78
587|69.38
588|1.36
589|82.17
590|27.72
591|84.09
592|9.04
593|81.1
594|48.12
595|83.72
596|61.91
597|72.26
598|63.18
599|45.51
600|60.39
601|89.42
602|15.64
603|23.83
604|11.22
605|70.73
606|83.57
607|77.8
608|88.03
609|17.18
610|81.16
611|21.68
612|69.12
613|29.47
614|51.47
615|83.46
616|100.01
617|78.27
618|86.89
619|25.5
620|49.35
621|35.61
622|84.97
623|74.47
624|33.16
625|48.86
626|3.89
627|39.78
628|39.53
629|37.59
630|83.5
631|45.28
632|72.28
633|61.27
634|41.97
635|94.95
636|3.15
637|68.5
638|64.32
639|20.79
640|1.57
641|32.43
642|55.41
643|28.25
644|59.05
645|36.31
646|8.17
647|14.77
648|65.78
649|66.5
650|12.14
651|1.35
652|75.94
653|12.38
654|12.56
655|63.24
656|75.75
657|95.93
658|79.74
659|97.12
660|51.44
661|73.88
662|69.2
663|73.35
664|11.55
665|88.77
666|64.96
667|79.2
668|9.14
669|53.42
670|36.05
671|32.15
672|77.05
673|3.39
674|71.96
675|28.63
676|68.14
677|50.65
678|40.59
679|47.82
680|55.16
681|13.44
682|16.11
683|34.34
684|44.71
685|30.08
686|65.64
687|40.97
688|3.4
689|56.26
690|56.59
691|67.77
692|10.31
693|1.83
694|82.37
695|69.22
696|59.16
697|80.47
698|76.41
699|2.18
700|99.83
701|74.57
702|63.99
703|13.88
704|85.32
705|4.1
706|91.3
707|30.21
708|64.14
709|94.49
710|27.51
711|73.01
712|22.61
713|64.77
714|6.06
715|14.14
716|75.84
717|69.4
718|80.21
719|45.49
720|78.19
721|93.55
722|92.74
723|38.33
724|77.41
725|54.84
726|85.21
727|6.5
728|31.04
729|76.77
730|15.22
731|96.42
732|86.44
733|43.35
734|21.68
735|73.98
736|69.68
737|37.54
738|87.75
739|79.65
740|44.32
741|15.73
742|80.28
743|73.53
744|35.51
745|3.24
746|69.77
747|94.99
748|13.06
749|82.53
750|43.12
751|86.31
752|17.57
753|7.69
754|91.75
755|91.38
756|29.51
757|96.41
758|5.94
759|2.34
760|42.99
761|58.35
762|32.33
763|17.78
764|88.65
765|61.83
766|74.95
767|48.82
768|12.72
769|55.08
770|10.38
771|73.31
772|5.41
773|99.55
774|10.73
775|32.81
776|44.03
777|67.05
778|33.52
779|11.19
780|93.51
781|16.53
782|57.87
783|56.0
784|60.3
785|55.14
786|67.41
787|19.88
788|23.77
789|36.52
790|3.72
791|36.81
792|67.56
793|69.56
794|54.54
795|58.84
796|96.53
797|26.19
798|28.74
799|14.55
800|99.3
801|74.88
802|54.89
803|79.6
804|5.49
805|82.87
806|91.05
807|56.93
808|44.07
809|58.29
810|41.92
811|97.49
812|3.64
813|26.79
814|3.6
815|43.64
816|33.31
817|67.33
818|10.56
819|43.58
820|60.66
821|46.09
822|33.54
823|69.33
824|14.97
825|28.83
826|50.52
827|70.33
828|38.43
829|50.12
830|6.08
831|4.51
832|90.44
833|92.26
834|22.52
835|48.44
836|31.9
837|73.67
838|28.73
839|84.99
840|44.17
841|64.33
842|7.88
843|98.44
844|50.16
845|88.42
846|9.95
847|55.2
848|16.64
849|59.09
850|53.08
851|21.41
852|57.88
853|72.32
854|16.1
855|51.05
856|82.02
857|44.07
858|99.65
859|74.52
860|43.89
861|79.24
862|8.97
863|26.65
864|78.17
865|99.13
866|93.98
867|29.66
868|67.16
869|64.49
870|19.47
871|9.55
872|27.38
873|71.25
874|88.48
875|88.87
876|29.93
877|18.62
878|16.98
879|26.95
880|9.35
881|52.02
882|36.73
883|72.92
884|3.23
885|56.14
886|97.79
887|44.29
888|33.0
889|34.11
890|52.94
891|75.63
892|11.54
893|2.46
894|82.25
895|72.9
896|60.53
897|97.42
898|84.33
899|88.36
900|55.84
901|46.76
902|27.05
903|90.03
904|24.18
905|82.22
906|48.89
907|84.26
908|85.84
909|86.14
910|40.07
911|39.84
912|96.39
913|85.95
914|72.1
915|87.66
916|34.55
917|45.61
918|18.52
919|34.9
920|54.59
921|38.06
922|2.95
923|81.25
924|75.02
925|74.43
926|81.58
927|41.62
928|99.39
929|16.44
930|20.9
931|18.39
932|62.52
933|28.25
934|38.24
935|68.08
936|71.42
937|27.89
938|23.28
939|65.14
940|82.75
941|32.63
942|43.85
943|35.96
944|11.54
945|30.3
946|12.49
947|45.59
948|92.6
949|11.32
950|79.68
951|48.72
952|24.76
953|34.75
954|44.67
955|19.72
956|70.88
957|24.94
958|38.26
959|49.96
960|91.41
961|27.31
962|96.21
963|63.66
964|48.63
965|50.49
966|32.76
967|85.06
968|81.18
969|85.85
970|86.72
971|82.52
972|65.38
973|80.11
974|93.07
975|35.9
976|5.33
977|10.5
978|12.84
979|29.47
980|94.99
981|67.79
982|4.01
983|67.94
984|80.67
985|53.12
986|47.46
987|47.55
988|92.49
989|77.32
990|25.23
991|49.31
992|32.92
993|58.39
994|45.82
995|25.67
996|28.43
997|100.1
998|46.11
999|93.37
