1|63.19
2|23.86
3|12.19
4|9.54
5|23.76
6|14.46
7|32.94
8|96.28
9|8.53
10|77.43
11|17.64
12|34.52
13|59.87
14|62.25
15|92.13
16|42.4
17|52.54
18|89.37
19|80.54
20|19.41
21|53.23
22|92.25
23|74.95
24|28.32
25|39.3
26|5.56
27|84.22
28|29.32
29|93.81
30|17.28
31|32.12
32|11.89
33|14.98
34|52.11
35|23.48
36|49.8
37|26.43
38|17.16
39|24.7
40|17.29
41|45.8
42|49.39
43|20.11
44|95.22
45|49.41
46|20.70
47|14.58
48|98.40
49|81.54
50|1.6
51|58.15
52|35.3
53|96.48
54|97.59
55|87.44
56|75.54
57|22.95
58|96.72
59|11.28
60|34.67
61|28.26
62|24.20
63|7.12
64|72.96
65|66.85
66|71.95
67|77.58
68|1.31
69|69.89
70|78.25
71|83.71
72|74.14
73|14.49
74|46.68
75|67.18
76|75.8
77|67.20
78|61.37
79|39.16
80|4.10
81|59.97
82|55.53
83|15.86
84|11.95
85|56.0
86|91.82
87|24.73
88|82.58
89|14.9
90|20.92
91|12.45
92|34.16
93|79.78
94|78.94
95|17.8
96|48.64
97|14.85
98|48.1
99|1.82
100|97.42
101|49.69
102|49.98
103|21.96
104|74.58
105|93.23
106|29.62
107|72.18
108|72.58
109|78.61
110|63.85
111|22.52
112|35.43
113|74.19
114|62.82
115|23.88
116|50.78
117|20.59
118|10.2
119|86.32
120|88.15
121|19.96
122|18.12
123|33.24
124|75.0
125|86.47
126|57.59
127|77.49
128|77.74
129|31.57
130|82.55
131|60.39
132|91.78
133|86.56
134|13.72
135|65.65
136|75.48
137|48.73
138|6.37
139|63.3
140|23.37
141|86.63
142|83.14
143|83.98
144|49.25
145|93.50
146|44.5
147|1.83
148|53.75
149|93.80
150|91.4
151|96.57
152|58.32
153|80.0
154|29.19
155|32.45
156|90.78
157|90.85
158|5.26
159|52.94
160|60.66
161|76.86
162|86.83
163|82.92
164|82.39
165|83.22
166|83.91
167|39.17
168|91.6
169|15.66
170|60.94
171|38.30
172|11.41
173|59.40
174|48.42
175|80.9
176|15.89
177|37.32
178|42.78
179|22.42
180|71.37
181|79.17
182|30.85
183|48.76
184|64.22
185|70.87
186|75.31
187|81.68
188|62.93
189|83.92
190|59.0
191|78.94
192|12.80
193|50.97
194|64.87
195|74.63
196|48.84
197|21.86
198|39.79
199|21.84
200|14.77
201|76.78
202|64.54
203|27.6
204|94.42
205|36.32
206|67.27
207|51.61
208|36.60
209|81.31
210|95.29
211|70.91
212|37.65
213|9.84
214|10.45
215|50.81
216|85.86
217|9.68
218|81.48
219|57.26
220|13.35
221|9.40
222|43.41
223|74.6
224|79.90
225|33.9
226|71.69
227|29.75
228|46.70
229|40.19
230|80.38
231|45.91
232|93.41
233|93.13
234|38.45
235|82.98
236|85.11
237|81.63
238|55.46
239|20.90
240|61.31
241|2.50
242|53.85
243|16.84
244|23.81
245|20.90
246|48.14
247|11.24
248|30.84
249|80.42
250|86.69
251|12.57
252|91.83
253|83.57
254|24.44
255|85.75
256|22.46
257|52.60
258|24.19
259|14.68
260|72.60
261|59.81
262|7.23
263|87.69
264|80.2
265|14.88
266|89.61
267|20.1
268|27.58
269|20.49
270|22.9
271|60.7
272|78.8
273|8.60
274|40.97
275|44.33
276|0.39
277|32.94
278|88.40
279|51.97
280|42.16
281|16.93
282|44.70
283|42.17
284|85.86
285|65.63
286|75.2
287|66.60
288|44.16
289|4.71
290|78.39
291|98.53
292|33.53
293|95.20
294|3.40
295|40.65
296|82.1
297|96.56
298|90.33
299|29.53
300|21.55
301|99.58
302|65.37
303|67.36
304|50.5
305|58.86
306|50.91
307|64.94
308|37.7
309|8.46
310|21.29
311|18.29
312|59.88
313|48.62
314|4.5
315|82.2
316|43.2
317|12.51
318|16.94
319|3.6
320|54.9
321|49.62
322|58.17
323|77.9
324|86.85
325|39.21
326|25.12
327|72.62
328|84.3
329|71.82
330|45.83
331|88.17
332|43.81
333|22.24
334|95.83
335|9.19
336|38.71
337|73.50
338|69.58
339|58.93
340|18.79
341|69.43
342|60.24
343|15.60
344|46.1
345|13.27
346|85.86
347|0.58
348|53.60
349|32.29
350|46.44
351|29.61
352|84.37
353|54.12
354|72.69
355|18.50
356|34.77
357|56.98
358|65.89
359|38.77
360|74.16
361|98.76
362|93.15
363|2.77
364|44.38
365|27.90
366|38.9
367|13.60
368|5.85
369|20.69
370|61.27
371|63.7
372|14.50
373|70.50
374|32.48
375|99.44
376|66.16
377|27.70
378|84.90
379|22.12
380|38.20
381|41.86
382|50.2
383|59.62
384|5.32
385|8.72
386|7.7
387|58.28
388|38.24
389|98.44
390|18.12
391|47.95
392|95.72
393|10.67
394|98.53
395|91.28
396|33.6
397|79.34
398|47.98
399|51.36
400|72.93
401|57.80
402|3.51
403|46.95
404|42.28
405|32.86
406|26.80
407|81.13
408|1.41
409|21.74
410|80.38
411|94.75
412|18.34
413|2.52
414|24.9
415|79.57
416|26.2
417|46.47
418|76.72
419|25.81
420|38.41
421|64.28
422|73.7
423|55.50
424|44.47
425|83.32
426|38.32
427|54.81
428|18.43
429|1.23
430|81.41
431|1.30
432|91.94
433|81.43
434|3.79
435|68.84
436|1.11
437|59.29
438|62.95
439|2.89
440|43.90
441|84.77
442|59.92
443|80.76
444|23.84
445|16.52
446|99.83
447|17.72
448|3.49
449|46.85
450|87.17
451|66.52
452|89.62
453|43.34
454|54.67
455|65.71
456|92.43
457|12.67
458|99.41
459|84.36
460|50.52
461|75.13
462|73.53
463|93.45
464|25.84
465|15.76
466|12.47
467|24.87
468|56.0
469|82.0
470|15.54
471|2.53
472|94.84
473|76.73
474|42.40
475|61.64
476|35.69
477|26.69
478|84.74
479|63.42
480|87.32
481|57.67
482|99.27
483|94.30
484|16.80
485|3.66
486|24.55
487|34.62
488|72.11
489|50.31
490|57.18
491|52.97
492|98.84
493|46.20
494|63.39
495|11.40
496|55.44
497|69.43
498|59.37
499|35.2
500|55.78
501|58.69
502|62.30
503|76.45
504|72.97
505|48.69
506|48.4
507|49.43
508|70.32
509|85.3
510|74.58
511|34.87
512|67.83
513|94.7
514|97.6
515|76.62
516|66.42
517|51.89
518|63.54
519|54.41
520|12.28
521|21.2
522|46.89
523|52.46
524|13.96
525|57.20
526|70.30
527|60.48
528|29.68
529|0.97
530|40.81
531|21.20
532|21.23
533|90.44
534|71.98
535|69.35
536|41.65
537|33.81
538|39.7
539|60.73
540|54.42
541|85.19
542|66.84
543|1.28
544|58.65
545|31.18
546|96.2
547|22.19
548|84.97
549|56.29
550|1.88
551|84.31
552|95.19
553|24.22
554|99.55
555|5.52
556|28.57
557|69.11
558|99.48
559|40.6
560|34.65
561|7.70
562|34.14
563|54.26
564|19.76
565|43.81
566|77.73
567|4.28
568|50.25
569|82.92
570|96.93
571|1.6
572|24.35
573|49.32
574|40.80
575|22.69
576|49.90
577|8.32
578|2.87
579|45.81
580|2.91
581|29.13
582|8.82
583|1.90
584|34.37
585|16.65
586|7.38
587|90.48
588|47.6
589|34.26
590|1.32
591|39.64
592|39.91
593|7.13
594|66.79
595|17.23
596|61.69
597|1.59
598|53.93
599|54.32
600|79.29
601|32.49
602|10.91
603|32.83
604|23.81
605|90.26
606|51.87
607|26.22
608|20.79
609|78.66
610|44.92
611|16.12
612|79.2
613|67.76
614|61.73
615|60.2
616|45.95
617|8.70
618|32.79
619|57.46
620|73.55
621|27.86
622|53.6
623|36.33
624|36.39
625|67.82
626|92.82
627|74.8
628|86.85
629|39.95
630|7.51
631|91.67
632|3.86
633|27.24
634|74.34
635|19.76
636|41.28
637|20.56
638|36.67
639|92.73
640|74.80
641|21.31
642|49.72
643|57.49
644|28.49
645|70.95
646|55.58
647|74.15
648|39.26
649|9.12
650|39.66
651|90.5
652|75.61
653|49.6
654|31.7
655|11.85
656|44.73
657|93.88
658|39.94
659|66.2
660|63.82
661|78.31
662|22.86
663|86.31
664|67.65
665|98.10
666|43.13
667|60.85
668|23.82
669|42.69
670|30.52
671|49.17
672|72.24
673|57.1
674|63.53
675|16.76
676|21.29
677|97.97
678|47.23
679|95.22
680|89.24
681|99.36
682|31.38
683|55.45
684|80.12
685|83.64
686|22.56
687|30.5
688|43.24
689|86.70
690|64.10
691|93.42
692|31.70
693|74.36
694|82.16
695|36.1
696|71.52
697|18.69
698|62.19
699|79.73
700|92.38
701|29.1
702|98.34
703|85.23
704|38.49
705|1.28
706|86.91
707|94.13
708|81.9
709|13.92
710|92.90
711|18.6
712|90.12
713|57.32
714|61.14
715|21.25
716|74.3
717|74.1
718|31.83
719|79.80
720|99.26
721|73.56
722|30.36
723|91.2
724|27.16
725|30.90
726|49.20
727|85.7
728|74.42
729|55.50
730|91.84
731|25.68
732|73.58
733|40.87
734|28.18
735|59.66
736|31.55
737|54.7
738|79.25
739|35.76
740|41.77
741|26.79
742|11.32
743|88.21
744|91.67
745|44.63
746|89.97
747|95.49
748|62.28
749|10.82
750|54.92
751|70.62
752|10.1
753|20.37
754|74.75
755|39.72
756|11.22
757|87.1
758|41.78
759|24.38
760|1.92
761|96.23
762|66.14
763|38.98
764|2.15
765|32.74
766|79.20
767|52.96
768|8.21
769|15.83
770|78.32
771|83.94
772|85.35
773|51.98
774|52.34
775|81.33
776|92.10
777|19.41
778|70.15
779|11.49
780|55.49
781|74.10
782|62.96
783|56.59
784|72.94
785|87.15
786|68.97
787|10.98
788|6.49
789|1.77
790|98.58
791|94.6
792|28.30
793|30.98
794|42.46
795|14.96
796|70.60
797|93.35
798|16.13
799|96.66
800|80.65
801|61.34
802|11.71
803|93.48
804|92.39
805|73.7
806|35.3
807|32.0
808|44.9
809|43.54
810|41.97
811|98.84
812|47.96
813|3.75
814|8.79
815|5.85
816|99.80
817|40.84
818|11.18
819|51.54
820|61.80
821|95.49
822|37.47
823|6.54
824|2.93
825|48.69
826|83.73
827|8.26
828|50.68
829|74.58
830|19.27
831|42.5
832|8.67
833|80.69
834|41.61
835|17.89
836|7.5
837|35.45
838|83.21
839|94.19
840|76.73
841|64.49
842|69.32
843|35.31
844|74.32
845|13.72
846|31.25
847|45.65
848|48.80
849|57.89
850|4.89
851|63.78
852|56.41
853|34.36
854|34.32
855|17.23
856|11.41
857|7.14
858|39.3
859|28.90
860|81.10
861|16.81
862|43.91
863|30.39
864|16.15
865|75.3
866|20.2
867|93.83
868|41.38
869|38.22
870|96.71
871|42.4
872|20.70
873|58.55
874|31.57
875|47.77
876|78.45
877|35.56
878|88.89
879|11.75
880|82.61
881|14.92
882|38.59
883|62.48
884|90.72
885|89.73
886|65.46
887|31.64
888|33.97
889|39.52
890|36.78
891|0.70
892|60.91
893|42.77
894|61.40
895|78.74
896|75.38
897|71.62
898|46.65
899|95.30
900|91.39
901|90.68
902|12.83
903|57.26
904|3.11
905|80.58
906|79.87
907|90.14
908|21.27
909|62.47
910|79.22
911|19.51
912|15.72
913|36.31
914|31.76
915|63.17
916|72.44
917|85.84
918|1.51
919|96.92
920|10.56
921|47.49
922|2.46
923|90.12
924|99.32
925|54.82
926|93.57
927|12.15
928|86.56
929|3.61
930|45.15
931|55.9
932|4.47
933|30.24
934|93.54
935|3.6
936|10.58
937|26.36
938|89.27
939|63.36
940|95.61
941|13.97
942|55.35
943|83.32
944|92.38
945|91.95
946|32.35
947|83.91
948|73.31
949|50.91
950|83.63
951|79.12
952|47.33
953|48.59
954|26.68
955|46.78
956|97.96
957|69.86
958|26.74
959|96.32
960|45.3
961|36.10
962|1.83
963|46.85
964|18.28
965|11.95
966|75.98
967|27.37
968|0.24
969|26.27
970|12.90
971|31.19
972|9.92
973|5.92
974|81.36
975|13.64
976|64.88
977|75.83
978|52.96
979|6.65
980|94.36
981|75.5
982|90.53
983|92.61
984|99.58
985|34.42
986|0.90
987|1.39
988|27.82
989|26.65
990|65.10
991|88.6
992|91.79
993|30.82
994|15.14
995|60.69
996|55.30
997|53.40
998|15.68
999|34.90
1000|30.80
